(array([[ 684.77938199,    0.        ,  362.09448474],
       [   0.        ,  689.41106748,  272.58145277],
       [   0.        ,    0.        ,    1.        ]]), array([[ 0.13190757, -0.25918129,  0.02030204,  0.00430058,  0.21396486]]), (720, 480), [array([[ 485.61505127,  258.15762329],
       [ 478.4079895 ,  247.26976013],
       [ 471.26382446,  236.53840637],
       [ 464.25875854,  225.97764587],
       [ 457.37628174,  215.62887573],
       [ 450.64215088,  205.55348206],
       [ 444.07836914,  195.63389587],
       [ 437.65182495,  185.97067261],
       [ 431.40475464,  176.47790527],
       [ 497.87600708,  250.46398926],
       [ 490.46060181,  239.5566864 ],
       [ 483.1807251 ,  228.81425476],
       [ 476.0105896 ,  218.3915863 ],
       [ 469.04437256,  208.08703613],
       [ 462.22000122,  198.07321167],
       [ 455.45941162,  188.17062378],
       [ 448.8114624 ,  178.45559692],
       [ 442.4211731 ,  168.8913269 ],
       [ 510.27200317,  242.62757874],
       [ 502.60238647,  231.70831299],
       [ 495.23522949,  221.19773865],
       [ 487.8057251 ,  210.56384277],
       [ 480.67730713,  200.36904907],
       [ 473.67938232,  190.30908203],
       [ 466.76989746,  180.43617249],
       [ 460.11917114,  170.68661499],
       [ 453.58135986,  161.40270996],
       [ 522.70159912,  234.67903137],
       [ 514.94195557,  223.84738159],
       [ 507.38583374,  213.237854  ],
       [ 499.84423828,  202.81266785],
       [ 492.61309814,  192.64593506],
       [ 485.49111938,  182.68011475],
       [ 478.4491272 ,  172.79090881],
       [ 471.57696533,  163.20959473],
       [ 464.83389282,  153.68980408],
       [ 535.28924561,  226.77111816],
       [ 527.34503174,  215.94322205],
       [ 519.50305176,  205.32585144],
       [ 511.82489014,  194.81193542],
       [ 504.45336914,  184.72918701],
       [ 497.23797607,  174.80096436],
       [ 490.07873535,  165.12338257],
       [ 483.00646973,  155.40071106],
       [ 476.18093872,  145.96960449],
       [ 547.86077881,  218.80673218],
       [ 539.77478027,  208.04402161],
       [ 531.81079102,  197.37467957],
       [ 523.99023438,  186.92094421],
       [ 516.40716553,  176.67430115],
       [ 508.98632812,  166.8938446 ],
       [ 501.69534302,  157.27220154],
       [ 494.58328247,  147.67416382],
       [ 487.60107422,  138.37072754]], dtype=float32), array([[ 348.76773071,  298.45318604],
       [ 338.57287598,  282.36315918],
       [ 328.50747681,  266.2482605 ],
       [ 318.46224976,  249.9609375 ],
       [ 308.55090332,  233.74163818],
       [ 298.50140381,  217.66784668],
       [ 288.39175415,  201.6179657 ],
       [ 278.25521851,  185.67030334],
       [ 268.18615723,  169.70173645],
       [ 359.37194824,  291.15359497],
       [ 349.47827148,  275.34829712],
       [ 339.57058716,  259.50170898],
       [ 329.69235229,  243.66596985],
       [ 319.77783203,  227.91802979],
       [ 310.04171753,  212.31542969],
       [ 300.19464111,  196.46813965],
       [ 290.39208984,  180.70483398],
       [ 280.58322144,  165.00540161],
       [ 369.53994751,  284.08493042],
       [ 359.96377563,  268.51098633],
       [ 350.24984741,  253.14054871],
       [ 340.63925171,  237.51715088],
       [ 331.06533813,  222.09799194],
       [ 321.45507812,  206.60719299],
       [ 311.80523682,  191.24771118],
       [ 302.23342896,  175.74435425],
       [ 292.42553711,  160.57859802],
       [ 379.443573  ,  277.25296021],
       [ 369.94866943,  262.11608887],
       [ 360.58703613,  246.79548645],
       [ 351.00143433,  231.73233032],
       [ 341.47387695,  216.64697266],
       [ 332.00704956,  201.61819458],
       [ 322.54556274,  186.4888916 ],
       [ 313.24319458,  171.37782288],
       [ 303.79034424,  156.3301239 ],
       [ 388.7633667 ,  270.7623291 ],
       [ 379.59136963,  255.79148865],
       [ 370.53729248,  240.82839966],
       [ 361.30328369,  225.87712097],
       [ 351.80581665,  211.29833984],
       [ 342.51400757,  196.50363159],
       [ 332.98904419,  181.76266479],
       [ 324.05407715,  166.79981995],
       [ 314.75598145,  152.14901733],
       [ 397.80691528,  264.54562378],
       [ 388.78186035,  249.90679932],
       [ 379.94277954,  235.23428345],
       [ 370.93014526,  220.53460693],
       [ 361.84451294,  205.89331055],
       [ 352.61010742,  191.56968689],
       [ 343.32415771,  177.18762207],
       [ 334.25888062,  162.6403656 ],
       [ 325.12414551,  148.32112122]], dtype=float32), array([[ 453.93777466,  199.41685486],
       [ 450.68670654,  215.39172363],
       [ 447.53704834,  231.36268616],
       [ 444.39627075,  247.46963501],
       [ 441.2182312 ,  263.55880737],
       [ 438.00952148,  279.69836426],
       [ 434.77102661,  296.03262329],
       [ 431.56884766,  312.34967041],
       [ 428.371521  ,  328.61129761],
       [ 437.68035889,  196.27148438],
       [ 434.53372192,  212.16792297],
       [ 431.36279297,  228.09449768],
       [ 428.12615967,  244.16545105],
       [ 424.85910034,  260.26419067],
       [ 421.64071655,  276.33694458],
       [ 418.44918823,  292.59863281],
       [ 415.24630737,  308.79147339],
       [ 411.95733643,  325.19006348],
       [ 421.54946899,  193.05162048],
       [ 418.36425781,  208.83937073],
       [ 415.17858887,  224.76568604],
       [ 411.88665771,  240.7689209 ],
       [ 408.66256714,  256.77487183],
       [ 405.41696167,  272.9239502 ],
       [ 402.1835022 ,  289.16357422],
       [ 398.8878479 ,  305.40298462],
       [ 395.61398315,  321.64624023],
       [ 405.39263916,  189.75254822],
       [ 402.22503662,  205.5826416 ],
       [ 398.9319458 ,  221.50085449],
       [ 395.6494751 ,  237.50933838],
       [ 392.4234314 ,  253.53117371],
       [ 389.19500732,  269.57345581],
       [ 385.81341553,  285.73828125],
       [ 382.56314087,  301.94125366],
       [ 379.25512695,  318.25579834],
       [ 389.40332031,  186.59156799],
       [ 386.18753052,  202.38546753],
       [ 382.85025024,  218.19845581],
       [ 379.60772705,  234.20758057],
       [ 376.34707642,  250.20016479],
       [ 373.00463867,  266.23675537],
       [ 369.72103882,  282.42681885],
       [ 366.39154053,  298.537323  ],
       [ 363.12411499,  314.73794556],
       [ 373.41644287,  183.41351318],
       [ 370.2038269 ,  199.18292236],
       [ 366.82174683,  214.9234314 ],
       [ 363.56060791,  230.79377747],
       [ 360.28103638,  246.84463501],
       [ 356.93746948,  262.82214355],
       [ 353.58554077,  278.97262573],
       [ 350.28411865,  295.14590454],
       [ 346.84838867,  311.37582397]], dtype=float32), array([[ 270.36508179,  230.60502625],
       [ 247.8165741 ,  227.88623047],
       [ 225.34828186,  225.3276825 ],
       [ 202.54995728,  222.50360107],
       [ 179.73197937,  219.71539307],
       [ 157.10435486,  217.08500671],
       [ 134.26852417,  214.41886902],
       [ 111.55280304,  211.61834717],
       [  88.91892242,  208.8625946 ],
       [ 272.75588989,  208.11705017],
       [ 250.35578918,  205.44036865],
       [ 227.65663147,  202.64434814],
       [ 204.91862488,  199.84320068],
       [ 182.25419617,  197.21955872],
       [ 159.43002319,  194.43988037],
       [ 136.5181427 ,  191.65611267],
       [ 113.6243515 ,  188.88273621],
       [  90.805336  ,  186.21974182],
       [ 275.35421753,  185.45396423],
       [ 252.67459106,  182.6493988 ],
       [ 230.07060242,  179.87611389],
       [ 207.23774719,  177.17208862],
       [ 184.35430908,  174.39030457],
       [ 161.47952271,  171.57168579],
       [ 138.45806885,  168.73039246],
       [ 115.53068542,  166.02323914],
       [  92.9318924 ,  163.3770752 ],
       [ 277.76565552,  162.55026245],
       [ 255.18252563,  159.72042847],
       [ 232.40740967,  156.98403931],
       [ 209.51454163,  154.26208496],
       [ 186.60212708,  151.37568665],
       [ 163.71951294,  148.53691101],
       [ 140.70491028,  145.78421021],
       [ 117.71936798,  142.91317749],
       [  94.91223907,  140.28234863],
       [ 280.33850098,  139.65481567],
       [ 257.54760742,  136.89717102],
       [ 234.61547852,  134.06355286],
       [ 211.61268616,  131.21221924],
       [ 188.69059753,  128.39144897],
       [ 165.73905945,  125.52877808],
       [ 142.77940369,  122.66294098],
       [ 119.67922211,  119.89125061],
       [  96.84526062,  117.24388885],
       [ 282.72766113,  116.65120697],
       [ 259.89505005,  113.72740936],
       [ 236.94343567,  110.83997345],
       [ 213.85098267,  108.01243591],
       [ 190.71348572,  105.12349701],
       [ 167.8343811 ,  102.3434906 ],
       [ 144.83618164,   99.559021  ],
       [ 121.85843658,   96.68032837],
       [  99.10756683,   94.06793976]], dtype=float32), array([[ 454.59545898,  248.74386597],
       [ 434.38818359,  244.59611511],
       [ 414.10772705,  240.55107117],
       [ 393.68777466,  236.46366882],
       [ 373.43811035,  232.42912292],
       [ 352.96258545,  228.35798645],
       [ 332.52005005,  224.20863342],
       [ 311.88717651,  219.99739075],
       [ 291.42181396,  215.81242371],
       [ 459.46038818,  228.77322388],
       [ 439.05325317,  224.66534424],
       [ 418.6270752 ,  220.54736328],
       [ 398.22369385,  216.43746948],
       [ 377.65197754,  212.26069641],
       [ 357.16415405,  208.1157074 ],
       [ 336.50534058,  203.91572571],
       [ 315.77822876,  199.75105286],
       [ 295.13934326,  195.55255127],
       [ 464.38259888,  208.60151672],
       [ 443.83258057,  204.45707703],
       [ 423.35498047,  200.33805847],
       [ 402.58398438,  196.15873718],
       [ 382.11633301,  191.93811035],
       [ 361.38934326,  187.69857788],
       [ 340.66763306,  183.52578735],
       [ 319.65484619,  179.29086304],
       [ 298.97891235,  174.8837738 ],
       [ 469.38088989,  187.98399353],
       [ 448.7571106 ,  183.80944824],
       [ 428.0553894 ,  179.63887024],
       [ 407.32574463,  175.41108704],
       [ 386.50518799,  171.15733337],
       [ 365.63619995,  166.79244995],
       [ 344.68133545,  162.565979  ],
       [ 323.76571655,  158.25874329],
       [ 302.76828003,  153.90768433],
       [ 474.44134521,  167.32119751],
       [ 453.61743164,  163.07119751],
       [ 432.85336304,  158.83712769],
       [ 411.89685059,  154.57321167],
       [ 391.01651001,  150.28251648],
       [ 369.97601318,  145.9178772 ],
       [ 348.87561035,  141.52293396],
       [ 327.77752686,  137.17741394],
       [ 306.62734985,  132.7322998 ],
       [ 479.5765686 ,  146.25727844],
       [ 458.72125244,  141.92315674],
       [ 437.7159729 ,  137.60400391],
       [ 416.67419434,  133.34150696],
       [ 395.50689697,  128.99232483],
       [ 374.46334839,  124.54527283],
       [ 353.13858032,  120.18132019],
       [ 331.88980103,  115.61103058],
       [ 310.59643555,  111.19976044]], dtype=float32), array([[ 473.62866211,  156.2338562 ],
       [ 464.06585693,  166.86408997],
       [ 454.59222412,  177.46374512],
       [ 445.19049072,  188.18878174],
       [ 435.82827759,  198.68786621],
       [ 426.58190918,  209.37055969],
       [ 417.45352173,  219.86804199],
       [ 408.38757324,  230.49856567],
       [ 399.37911987,  240.96366882],
       [ 462.93475342,  147.3205719 ],
       [ 453.48544312,  157.9103241 ],
       [ 443.99969482,  168.5450592 ],
       [ 434.60058594,  179.20878601],
       [ 425.37091064,  189.74417114],
       [ 416.1305542 ,  200.3760376 ],
       [ 407.02636719,  210.9821167 ],
       [ 397.95452881,  221.46247864],
       [ 389.01333618,  232.09822083],
       [ 452.44906616,  138.3416748 ],
       [ 442.85302734,  148.97213745],
       [ 433.53131104,  159.57469177],
       [ 424.13607788,  170.24372864],
       [ 414.85882568,  180.70817566],
       [ 405.66317749,  191.39405823],
       [ 396.58639526,  201.80657959],
       [ 387.49313354,  212.60787964],
       [ 378.61328125,  222.88345337],
       [ 441.8085022 ,  129.51574707],
       [ 432.52108765,  139.92965698],
       [ 423.06219482,  150.62670898],
       [ 413.78604126,  161.22911072],
       [ 404.51068115,  171.83312988],
       [ 395.42977905,  182.3598175 ],
       [ 386.28515625,  193.10324097],
       [ 377.2689209 ,  203.37515259],
       [ 368.30419922,  214.19389343],
       [ 431.69384766,  120.4980545 ],
       [ 422.09210205,  131.25535583],
       [ 412.90151978,  141.55511475],
       [ 403.36355591,  152.44291687],
       [ 394.31655884,  162.86730957],
       [ 385.125     ,  173.5509491 ],
       [ 376.10894775,  183.98829651],
       [ 366.89129639,  194.86152649],
       [ 358.22753906,  204.98934937],
       [ 421.20150757,  111.89805603],
       [ 412.16409302,  122.25592804],
       [ 402.40286255,  133.11444092],
       [ 393.40386963,  143.32627869],
       [ 383.85949707,  154.23707581],
       [ 375.01663208,  164.46533203],
       [ 365.75906372,  175.42170715],
       [ 356.83950806,  185.74159241],
       [ 347.79315186,  196.80891418]], dtype=float32), array([[ 448.88058472,  237.54051208],
       [ 428.79104614,  232.89601135],
       [ 408.70471191,  228.48529053],
       [ 388.58117676,  223.94223022],
       [ 368.42645264,  219.42910767],
       [ 348.32553101,  214.87484741],
       [ 328.00531006,  210.37838745],
       [ 307.75183105,  205.69696045],
       [ 287.44827271,  201.2358551 ],
       [ 453.78057861,  217.29431152],
       [ 433.63922119,  212.73477173],
       [ 413.52606201,  208.24620056],
       [ 393.32739258,  203.64797974],
       [ 373.13439941,  199.17619324],
       [ 352.93197632,  194.55232239],
       [ 332.62826538,  189.94096375],
       [ 312.26992798,  185.37696838],
       [ 291.93154907,  180.67970276],
       [ 458.72784424,  196.86624146],
       [ 438.62277222,  192.33305359],
       [ 418.43435669,  187.79814148],
       [ 398.19400024,  183.19581604],
       [ 377.90509033,  178.56626892],
       [ 357.62817383,  173.9960022 ],
       [ 337.21884155,  169.39144897],
       [ 316.815979  ,  164.70030212],
       [ 296.40112305,  160.14515686],
       [ 463.82675171,  176.24723816],
       [ 443.57821655,  171.6594696 ],
       [ 423.42089844,  167.18476868],
       [ 403.01544189,  162.54718018],
       [ 382.66964722,  157.86885071],
       [ 362.34988403,  153.34381104],
       [ 341.82595825,  148.60795593],
       [ 321.45220947,  143.94424438],
       [ 300.92288208,  139.25395203],
       [ 468.85656738,  155.66999817],
       [ 448.61340332,  151.0891571 ],
       [ 428.31713867,  146.48168945],
       [ 407.93325806,  141.79176331],
       [ 387.48861694,  137.2591095 ],
       [ 367.09909058,  132.50137329],
       [ 346.49441528,  127.84587097],
       [ 326.0039978 ,  123.05245209],
       [ 305.39004517,  118.35801697],
       [ 474.01782227,  134.88156128],
       [ 453.6076355 ,  130.33969116],
       [ 433.29959106,  125.62322235],
       [ 412.77563477,  120.92428589],
       [ 392.37179565,  116.2148056 ],
       [ 371.84472656,  111.54914093],
       [ 351.20388794,  106.84403992],
       [ 330.60147095,  102.08222198],
       [ 309.93783569,   97.31254578]], dtype=float32), array([[ 497.65020752,  228.39651489],
       [ 477.31759644,  224.78787231],
       [ 456.77816772,  221.13969421],
       [ 436.21228027,  217.31973267],
       [ 415.59155273,  213.41531372],
       [ 394.76535034,  209.58299255],
       [ 373.71081543,  205.81498718],
       [ 352.58380127,  202.1761322 ],
       [ 331.39254761,  198.33027649],
       [ 497.60375977,  210.20108032],
       [ 477.56838989,  206.51313782],
       [ 457.43307495,  202.75675964],
       [ 437.1010437 ,  198.97529602],
       [ 416.64230347,  195.31602478],
       [ 396.17935181,  191.50704956],
       [ 375.48703003,  187.68026733],
       [ 354.65783691,  183.75007629],
       [ 333.75939941,  179.84184265],
       [ 497.61120605,  192.36677551],
       [ 477.90054321,  188.56387329],
       [ 457.95440674,  184.92800903],
       [ 437.92443848,  181.06832886],
       [ 417.8951416 ,  177.28379822],
       [ 397.66033936,  173.43267822],
       [ 377.37561035,  169.58732605],
       [ 356.74221802,  165.67570496],
       [ 336.12060547,  161.9876709 ],
       [ 497.64892578,  174.91499329],
       [ 478.23510742,  171.25115967],
       [ 458.63470459,  167.40942383],
       [ 438.74539185,  163.735672  ],
       [ 418.89981079,  160.07670593],
       [ 398.9246521 ,  156.32437134],
       [ 378.83673096,  152.44947815],
       [ 358.62246704,  148.4937439 ],
       [ 338.39511108,  144.57452393],
       [ 497.70077515,  158.09527588],
       [ 478.53259277,  154.34065247],
       [ 459.37234497,  150.39735413],
       [ 439.82095337,  146.55877686],
       [ 420.17791748,  142.92625427],
       [ 400.40133667,  139.28343201],
       [ 380.50863647,  135.58943176],
       [ 360.63540649,  131.45344543],
       [ 340.61868286,  127.56705475],
       [ 497.75967407,  141.68569946],
       [ 478.80569458,  137.89225769],
       [ 459.85614014,  133.94752502],
       [ 440.70578003,  130.00827026],
       [ 421.33355713,  126.21392822],
       [ 401.84414673,  122.56494904],
       [ 382.19869995,  118.9964447 ],
       [ 362.5932312 ,  115.13186646],
       [ 342.60592651,  111.33422089]], dtype=float32), array([[ 634.70727539,  154.14883423],
       [ 610.99468994,  160.6118927 ],
       [ 587.98321533,  167.36709595],
       [ 565.69055176,  174.68232727],
       [ 544.03082275,  181.49160767],
       [ 523.03308105,  188.37638855],
       [ 502.51782227,  194.90304565],
       [ 482.71118164,  201.41506958],
       [ 463.52548218,  207.57975769],
       [ 627.85595703,  133.46286011],
       [ 604.43841553,  139.5629425 ],
       [ 581.61462402,  147.05773926],
       [ 559.4072876 ,  154.17062378],
       [ 537.855896  ,  161.3754425 ],
       [ 516.88580322,  168.30088806],
       [ 496.53414917,  175.20259094],
       [ 476.72732544,  181.79598999],
       [ 457.59783936,  188.36528015],
       [ 621.61810303,  111.79394531],
       [ 597.91485596,  118.95093536],
       [ 575.32971191,  126.13827515],
       [ 553.11413574,  133.74017334],
       [ 531.71154785,  141.04881287],
       [ 510.74481201,  148.34936523],
       [ 490.43508911,  155.34402466],
       [ 470.77081299,  162.3394165 ],
       [ 451.8928833 ,  169.08135986],
       [ 614.55523682,   90.92861938],
       [ 591.85461426,   97.99756622],
       [ 568.94146729,  105.51972961],
       [ 546.88018799,  113.10315704],
       [ 525.59942627,  120.87825775],
       [ 504.95471191,  128.36778259],
       [ 484.68414307,  135.64189148],
       [ 465.1546936 ,  142.74151611],
       [ 446.21871948,  149.75570679],
       [ 609.44891357,   69.94287109],
       [ 585.02539062,   76.8576355 ],
       [ 563.1829834 ,   85.13408661],
       [ 540.80084229,   92.8993988 ],
       [ 519.63592529,  100.6268158 ],
       [ 499.02661133,  108.43314362],
       [ 479.02401733,  116.10295105],
       [ 459.44659424,  123.39633942],
       [ 440.57580566,  130.56958008],
       [ 601.84637451,   49.06602097],
       [ 580.39007568,   57.04008102],
       [ 556.6036377 ,   64.42699432],
       [ 535.17431641,   72.45773315],
       [ 513.6885376 ,   80.50888824],
       [ 493.31463623,   88.50125122],
       [ 473.27130127,   96.44055176],
       [ 454.01330566,  104.02416992],
       [ 435.24755859,  111.5094986 ]], dtype=float32), array([[ 473.39660645,  179.22648621],
       [ 462.79708862,  171.1750946 ],
       [ 452.37017822,  163.21990967],
       [ 441.88305664,  155.24156189],
       [ 431.60693359,  147.33470154],
       [ 421.43035889,  139.46365356],
       [ 411.29815674,  131.69064331],
       [ 401.28482056,  124.09135437],
       [ 391.32345581,  116.43231964],
       [ 481.99621582,  168.5827179 ],
       [ 471.39120483,  160.59112549],
       [ 460.81750488,  152.58935547],
       [ 450.37533569,  144.66264343],
       [ 440.06570435,  136.82064819],
       [ 429.7124939 ,  129.07566833],
       [ 419.54434204,  121.32579041],
       [ 409.43386841,  113.59099579],
       [ 399.44058228,  105.92669678],
       [ 490.62936401,  157.89561462],
       [ 480.03167725,  149.88168335],
       [ 469.40023804,  142.01870728],
       [ 458.81036377,  134.04690552],
       [ 448.43161011,  126.25784302],
       [ 438.14660645,  118.42723846],
       [ 427.79763794,  110.64394379],
       [ 417.65002441,  102.94506073],
       [ 407.61495972,   95.47341919],
       [ 499.42181396,  147.19766235],
       [ 488.63021851,  139.23071289],
       [ 478.0161438 ,  131.28857422],
       [ 467.41311646,  123.42935181],
       [ 456.92153931,  115.58612061],
       [ 446.55831909,  107.85001373],
       [ 436.26361084,  100.15548706],
       [ 425.99734497,   92.4526062 ],
       [ 415.89794922,   84.77029419],
       [ 508.12298584,  136.45774841],
       [ 497.34524536,  128.46316528],
       [ 486.59667969,  120.53964996],
       [ 475.97796631,  112.60002899],
       [ 465.42858887,  104.85829926],
       [ 454.96578979,   97.20438385],
       [ 444.59890747,   89.5139389 ],
       [ 434.37472534,   81.75740814],
       [ 424.14175415,   74.28186798],
       [ 516.88635254,  125.63356018],
       [ 506.02984619,  117.68400574],
       [ 495.32931519,  109.7228241 ],
       [ 484.57141113,  101.83325195],
       [ 473.92578125,   94.05413055],
       [ 463.46380615,   86.45149994],
       [ 453.05856323,   78.75049591],
       [ 442.6595459 ,   71.22003937],
       [ 432.49789429,   63.63257217]], dtype=float32), array([[ 545.78997803,  209.4331665 ],
       [ 529.27209473,  205.64645386],
       [ 511.21795654,  202.28756714],
       [ 495.25695801,  198.68283081],
       [ 477.48620605,  195.33297729],
       [ 461.99945068,  191.72929382],
       [ 445.15298462,  188.65080261],
       [ 429.60931396,  185.25933838],
       [ 414.18411255,  182.40794373],
       [ 550.19958496,  193.0677948 ],
       [ 531.91748047,  189.63659668],
       [ 515.63903809,  186.20640564],
       [ 497.36364746,  182.74490356],
       [ 482.2460022 ,  179.57965088],
       [ 465.0696106 ,  176.43577576],
       [ 449.74655151,  173.17686462],
       [ 432.79156494,  169.99801636],
       [ 418.01275635,  166.64926147],
       [ 552.55780029,  176.96359253],
       [ 536.48834229,  173.52774048],
       [ 518.12237549,  170.29631042],
       [ 502.43487549,  166.89581299],
       [ 485.16921997,  163.99336243],
       [ 469.35797119,  160.5461731 ],
       [ 453.39364624,  157.728302  ],
       [ 437.2210083 ,  154.32618713],
       [ 421.49407959,  151.61938477],
       [ 557.41339111,  160.84242249],
       [ 538.98834229,  157.60404968],
       [ 523.2310791 ,  154.45159912],
       [ 505.53277588,  151.43496704],
       [ 489.69100952,  148.29309082],
       [ 472.94641113,  145.5065918 ],
       [ 457.21121216,  142.24543762],
       [ 441.07781982,  139.38334656],
       [ 425.29705811,  136.14700317],
       [ 559.62609863,  144.91630554],
       [ 543.7567749 ,  141.83499146],
       [ 526.26098633,  138.78404236],
       [ 510.1913147 ,  135.64520264],
       [ 493.12948608,  132.87219238],
       [ 477.16271973,  129.83247375],
       [ 460.7010498 ,  127.18704224],
       [ 445.26733398,  123.97924042],
       [ 429.140625  ,  121.37471771],
       [ 564.49468994,  129.22709656],
       [ 546.20050049,  126.16070557],
       [ 530.43457031,  122.96457672],
       [ 513.26263428,  120.31021118],
       [ 497.1550293 ,  117.06616211],
       [ 480.37713623,  114.54072571],
       [ 464.78164673,  111.72219849],
       [ 448.49050903,  109.11943817],
       [ 433.18655396,  106.1627121 ]], dtype=float32), array([[ 375.77313232,  192.9196167 ],
       [ 363.79986572,  191.65122986],
       [ 351.74642944,  190.42984009],
       [ 339.63317871,  189.01597595],
       [ 327.4447937 ,  187.62341309],
       [ 314.98294067,  186.36372375],
       [ 302.48971558,  184.842453  ],
       [ 289.82522583,  183.46965027],
       [ 277.16851807,  181.97698975],
       [ 374.20571899,  184.34277344],
       [ 362.4156189 ,  183.03001404],
       [ 350.57272339,  181.60391235],
       [ 338.5184021 ,  180.33451843],
       [ 326.4614563 ,  178.84657288],
       [ 314.23913574,  177.57019043],
       [ 301.77841187,  176.06204224],
       [ 289.40618896,  174.45718384],
       [ 276.83135986,  172.9384613 ],
       [ 372.61462402,  175.96557617],
       [ 361.05050659,  174.43922424],
       [ 349.31445312,  173.22325134],
       [ 337.41500854,  171.54560852],
       [ 325.41723633,  170.05508423],
       [ 313.5300293 ,  168.52331543],
       [ 301.08255005,  166.96575928],
       [ 288.87863159,  165.58039856],
       [ 276.35595703,  164.36653137],
       [ 371.12911987,  167.6139679 ],
       [ 359.59338379,  166.30851746],
       [ 348.12921143,  164.63346863],
       [ 336.36999512,  163.46711731],
       [ 324.41781616,  162.06033325],
       [ 312.55111694,  160.55421448],
       [ 300.46261597,  158.98808289],
       [ 288.36453247,  157.43188477],
       [ 276.15322876,  155.78604126],
       [ 369.65341187,  159.64741516],
       [ 358.37680054,  158.14842224],
       [ 346.8999939 ,  156.52108765],
       [ 335.45635986,  154.9229126 ],
       [ 323.56356812,  153.63447571],
       [ 311.65014648,  152.32147217],
       [ 299.65466309,  150.78425598],
       [ 287.7802124 ,  149.12406921],
       [ 275.52740479,  147.50482178],
       [ 368.31530762,  151.7850647 ],
       [ 357.02972412,  150.30900574],
       [ 345.85128784,  148.57693481],
       [ 334.31433105,  146.97952271],
       [ 322.82687378,  145.39529419],
       [ 310.97680664,  144.17312622],
       [ 299.22253418,  142.832901  ],
       [ 287.35723877,  141.17854309],
       [ 275.25567627,  139.64147949]], dtype=float32), array([[ 312.3421936 ,  272.41543579],
       [ 304.71075439,  253.72525024],
       [ 297.31451416,  235.15213013],
       [ 289.80529785,  216.54899597],
       [ 282.48919678,  198.09289551],
       [ 275.16256714,  179.74040222],
       [ 267.70697021,  161.5909729 ],
       [ 260.42172241,  143.53868103],
       [ 253.12376404,  125.57035065],
       [ 330.65896606,  265.48425293],
       [ 323.22647095,  246.86602783],
       [ 315.72180176,  228.52305603],
       [ 308.33050537,  210.112854  ],
       [ 300.87521362,  191.94248962],
       [ 293.54214478,  173.81503296],
       [ 286.24407959,  155.71784973],
       [ 278.93264771,  137.83657837],
       [ 271.69049072,  119.95320892],
       [ 348.80606079,  258.59564209],
       [ 341.42471313,  240.210495  ],
       [ 333.82833862,  222.05369568],
       [ 326.49935913,  203.65385437],
       [ 319.14559937,  185.63217163],
       [ 311.80670166,  167.67936707],
       [ 304.47323608,  149.73921204],
       [ 297.29742432,  131.95571899],
       [ 289.92745972,  114.50817871],
       [ 366.66088867,  251.73167419],
       [ 359.27023315,  233.58055115],
       [ 351.83105469,  215.50082397],
       [ 344.37576294,  197.49931335],
       [ 336.99197388,  179.64505005],
       [ 329.61837769,  161.94769287],
       [ 322.35757446,  144.22091675],
       [ 315.13040161,  126.52875519],
       [ 307.93136597,  109.03826141],
       [ 384.1965332 ,  245.18441772],
       [ 376.70654297,  227.15158081],
       [ 369.41134644,  209.12643433],
       [ 362.02716064,  191.24441528],
       [ 354.54522705,  173.57038879],
       [ 347.30462646,  156.04281616],
       [ 339.86819458,  138.57305908],
       [ 332.71774292,  120.92778015],
       [ 325.51126099,  103.59056854],
       [ 401.35824585,  238.60961914],
       [ 393.93069458,  220.772995  ],
       [ 386.58554077,  202.89935303],
       [ 379.28515625,  185.16101074],
       [ 371.9536438 ,  167.50553894],
       [ 364.56228638,  150.24168396],
       [ 357.21917725,  132.7956543 ],
       [ 349.97802734,  115.60257721],
       [ 342.73031616,   98.45526886]], dtype=float32), array([[ 486.7361145 ,  227.32348633],
       [ 472.49932861,  225.62887573],
       [ 458.3371582 ,  224.03900146],
       [ 444.21740723,  222.35325623],
       [ 430.27416992,  220.60842896],
       [ 416.42932129,  219.0246582 ],
       [ 402.64593506,  217.47323608],
       [ 389.12820435,  215.86730957],
       [ 375.59701538,  214.39749146],
       [ 488.41931152,  214.06288147],
       [ 474.20626831,  212.47380066],
       [ 460.05447388,  210.81002808],
       [ 445.96496582,  209.30209351],
       [ 432.18716431,  207.66720581],
       [ 418.36520386,  206.23554993],
       [ 404.67803955,  204.58409119],
       [ 391.16491699,  203.08100891],
       [ 377.69824219,  201.50970459],
       [ 489.92132568,  200.80187988],
       [ 475.76629639,  199.31843567],
       [ 461.7328186 ,  197.76222229],
       [ 447.71881104,  196.23948669],
       [ 433.94128418,  194.64883423],
       [ 420.28253174,  193.21861267],
       [ 406.64767456,  191.64834595],
       [ 393.16647339,  190.24298096],
       [ 379.81616211,  188.77163696],
       [ 491.56173706,  187.72445679],
       [ 477.44992065,  186.33654785],
       [ 463.52328491,  184.73146057],
       [ 449.5614624 ,  183.40324402],
       [ 435.78848267,  181.94322205],
       [ 422.22720337,  180.54244995],
       [ 408.59805298,  179.14073181],
       [ 395.22839355,  177.61193848],
       [ 381.86727905,  176.25788879],
       [ 493.17703247,  174.86157227],
       [ 479.14703369,  173.45259094],
       [ 465.25311279,  171.91105652],
       [ 451.35812378,  170.50973511],
       [ 437.61132812,  169.28425598],
       [ 424.11886597,  167.82929993],
       [ 410.5256958 ,  166.5899353 ],
       [ 397.20806885,  165.14349365],
       [ 383.90328979,  163.71318054],
       [ 494.6517334 ,  162.26408386],
       [ 480.70370483,  160.70948792],
       [ 466.82061768,  159.35498047],
       [ 453.11358643,  157.83547974],
       [ 439.43505859,  156.53216553],
       [ 425.88665771,  155.3533783 ],
       [ 412.46221924,  154.18148804],
       [ 399.20751953,  152.74171448],
       [ 385.96343994,  151.52867126]], dtype=float32), array([[ 573.70068359,  245.63870239],
       [ 531.628479  ,  244.6169281 ],
       [ 490.26611328,  243.42738342],
       [ 449.39312744,  241.98075867],
       [ 409.30966187,  240.51667786],
       [ 369.66577148,  239.33525085],
       [ 330.48104858,  238.28981018],
       [ 291.93969727,  237.31796265],
       [ 253.67315674,  236.26109314],
       [ 570.64819336,  210.2061615 ],
       [ 529.72253418,  209.17863464],
       [ 489.47988892,  208.20527649],
       [ 449.62704468,  207.10284424],
       [ 410.56585693,  206.23690796],
       [ 372.01501465,  205.30874634],
       [ 333.73474121,  204.33119202],
       [ 296.12298584,  203.2318573 ],
       [ 258.72714233,  202.19839478],
       [ 567.7925415 ,  176.21817017],
       [ 528.16931152,  175.25540161],
       [ 488.74057007,  174.62226868],
       [ 449.92935181,  173.609375  ],
       [ 411.78814697,  172.73519897],
       [ 374.25726318,  171.96748352],
       [ 336.76107788,  171.22750854],
       [ 299.98583984,  170.36425781],
       [ 263.62423706,  169.81384277],
       [ 565.3225708 ,  143.61991882],
       [ 526.51983643,  143.13807678],
       [ 488.31390381,  142.40638733],
       [ 450.3576355 ,  142.05070496],
       [ 413.11685181,  141.57009888],
       [ 376.35778809,  141.09867859],
       [ 339.85882568,  140.48440552],
       [ 303.85784912,  139.64183044],
       [ 268.35568237,  138.94036865],
       [ 562.76367188,  113.0818634 ],
       [ 525.15490723,  112.44887543],
       [ 487.81375122,  111.58411407],
       [ 450.69244385,  111.28318024],
       [ 414.32080078,  111.20383453],
       [ 378.39831543,  110.91861725],
       [ 342.64450073,  110.76638031],
       [ 307.46530151,  109.78634644],
       [ 272.57620239,  109.33572388],
       [ 560.48620605,   83.80644989],
       [ 523.67675781,   83.40479279],
       [ 487.39959717,   82.62212372],
       [ 451.26278687,   82.1991806 ],
       [ 415.49752808,   81.76583099],
       [ 380.34283447,   81.87483978],
       [ 345.40890503,   82.18251801],
       [ 310.97064209,   81.62680817],
       [ 276.82290649,   81.54560089]], dtype=float32), array([[ 486.42044067,   32.51464462],
       [ 484.78887939,   49.50431824],
       [ 483.27145386,   66.30326843],
       [ 481.69067383,   82.64819336],
       [ 480.25769043,   98.88301849],
       [ 478.71063232,  114.63851929],
       [ 477.26846313,  130.36949158],
       [ 475.7366333 ,  145.48620605],
       [ 474.37374878,  160.44000244],
       [ 469.90420532,   32.31510162],
       [ 468.51315308,   49.34502029],
       [ 467.23114014,   66.11455536],
       [ 465.6925354 ,   82.51927948],
       [ 464.3963623 ,   98.63065338],
       [ 462.97787476,  114.48410034],
       [ 461.65609741,  130.12564087],
       [ 460.35830688,  145.39472961],
       [ 459.11990356,  160.36961365],
       [ 453.49008179,   32.09162521],
       [ 452.32226562,   49.20775604],
       [ 450.90585327,   65.80306244],
       [ 449.70828247,   82.4249649 ],
       [ 448.52420044,   98.55812073],
       [ 447.38308716,  114.4316864 ],
       [ 446.14450073,  130.00579834],
       [ 444.9703064 ,  145.31719971],
       [ 443.7817688 ,  160.21174622],
       [ 436.96792603,   31.74409103],
       [ 435.79425049,   48.86772537],
       [ 434.74691772,   65.67986298],
       [ 433.62521362,   82.26467133],
       [ 432.60147095,   98.40662384],
       [ 431.51495361,  114.23474884],
       [ 430.49822998,  129.70066833],
       [ 429.47558594,  145.01661682],
       [ 428.53915405,  159.94682312],
       [ 420.53396606,   31.58345222],
       [ 419.60705566,   48.66601181],
       [ 418.64202881,   65.56402588],
       [ 417.77093506,   82.18102264],
       [ 416.78146362,   98.27522278],
       [ 415.878479  ,  114.03873444],
       [ 414.94979858,  129.57409668],
       [ 414.17474365,  144.84146118],
       [ 413.34835815,  159.82015991],
       [ 404.25115967,   31.43401909],
       [ 403.394104  ,   48.53403091],
       [ 402.6060791 ,   65.40595245],
       [ 401.75415039,   81.8531189 ],
       [ 401.1399231 ,   98.19430542],
       [ 400.28805542,  113.88013458],
       [ 399.51919556,  129.48739624],
       [ 398.71994019,  144.64741516],
       [ 398.04244995,  159.59828186]], dtype=float32), array([[ 406.88800049,  257.699646  ],
       [ 386.86367798,  257.58605957],
       [ 365.36764526,  257.38021851],
       [ 341.54721069,  256.84710693],
       [ 315.47494507,  256.32870483],
       [ 286.33267212,  255.83700562],
       [ 254.75669861,  255.64471436],
       [ 215.22465515,  255.4299469 ],
       [ 175.83903503,  255.15428162],
       [ 393.33908081,  225.48698425],
       [ 373.26983643,  223.68800354],
       [ 351.18218994,  221.86225891],
       [ 327.14404297,  219.68963623],
       [ 300.05389404,  217.51654053],
       [ 270.54348755,  215.03335571],
       [ 237.08631897,  212.25762939],
       [ 202.43856812,  209.34938049],
       [ 159.20173645,  205.36943054],
       [ 380.10626221,  193.96498108],
       [ 359.92193604,  190.70721436],
       [ 337.51791382,  187.48504639],
       [ 313.03009033,  183.51965332],
       [ 287.10882568,  179.50909424],
       [ 256.40811157,  174.60829163],
       [ 224.38188171,  169.90083313],
       [ 184.92549133,  163.64698792],
       [ 143.62321472,  158.40686035],
       [ 367.44171143,  163.19952393],
       [ 347.1390686 ,  158.81892395],
       [ 324.20553589,  153.72923279],
       [ 299.50372314,  148.61618042],
       [ 271.53842163,  142.91920471],
       [ 241.9932251 ,  136.67445374],
       [ 207.21717834,  129.25144958],
       [ 171.19332886,  121.77391815],
       [ 127.22489166,  112.03154755],
       [ 355.25338745,  133.47250366],
       [ 334.46456909,  127.6344223 ],
       [ 312.00973511,  120.87769318],
       [ 286.89007568,  114.27476501],
       [ 259.41918945,  107.15756226],
       [ 227.95730591,   98.94322968],
       [ 194.33483887,   90.5723114 ],
       [ 155.68154907,   79.29366302],
       [ 113.44000244,   68.44184875],
       [ 343.20593262,  104.46695709],
       [ 322.04403687,   97.36517334],
       [ 299.51702881,   89.577034  ],
       [ 274.53439331,   81.09861755],
       [ 246.17077637,   71.94335175],
       [ 216.04928589,   62.73986435],
       [ 180.35910034,   51.93171692],
       [ 142.62635803,   40.38306427],
       [  99.11656189,   26.80338669]], dtype=float32), array([[ 450.46759033,  129.07688904],
       [ 449.15524292,  141.99343872],
       [ 447.75601196,  155.02482605],
       [ 446.47668457,  168.17895508],
       [ 445.20706177,  181.27404785],
       [ 443.75637817,  194.48530579],
       [ 442.5227356 ,  207.82907104],
       [ 441.21505737,  221.40351868],
       [ 439.7371521 ,  234.8026123 ],
       [ 436.70812988,  128.19189453],
       [ 435.43759155,  140.98591614],
       [ 434.0718689 ,  153.89228821],
       [ 432.65518188,  166.99214172],
       [ 431.36950684,  180.21409607],
       [ 429.89242554,  193.3805542 ],
       [ 428.57675171,  206.64863586],
       [ 427.25610352,  220.05500793],
       [ 425.77474976,  233.47660828],
       [ 423.19299316,  127.2230072 ],
       [ 421.74163818,  139.88496399],
       [ 420.42279053,  152.78430176],
       [ 418.94683838,  165.76307678],
       [ 417.58898926,  178.82113647],
       [ 416.23052979,  192.10250854],
       [ 414.69018555,  205.36915588],
       [ 413.37231445,  218.64848328],
       [ 411.84362793,  232.21534729],
       [ 409.59628296,  126.22340393],
       [ 408.23614502,  138.83760071],
       [ 406.74325562,  151.67370605],
       [ 405.3477478 ,  164.68777466],
       [ 403.80880737,  177.75921631],
       [ 402.44903564,  190.88877869],
       [ 400.89016724,  204.24934387],
       [ 399.4631958 ,  217.46430969],
       [ 397.95065308,  230.76800537],
       [ 396.26873779,  125.22636414],
       [ 394.71179199,  137.78631592],
       [ 393.30886841,  150.53538513],
       [ 391.74371338,  163.51065063],
       [ 390.33407593,  176.55059814],
       [ 388.76391602,  189.60717773],
       [ 387.37738037,  202.89421082],
       [ 385.74636841,  216.16827393],
       [ 384.33300781,  229.46640015],
       [ 382.862854  ,  124.24369812],
       [ 381.41741943,  136.75265503],
       [ 379.82345581,  149.50421143],
       [ 378.36077881,  162.38262939],
       [ 376.76382446,  175.35731506],
       [ 375.29367065,  188.40263367],
       [ 373.68954468,  201.60525513],
       [ 372.25479126,  214.76089478],
       [ 370.60162354,  228.2346344 ]], dtype=float32)], [array([[ 0.,  0.,  0.],
       [ 1.,  0.,  0.],
       [ 2.,  0.,  0.],
       [ 3.,  0.,  0.],
       [ 4.,  0.,  0.],
       [ 5.,  0.,  0.],
       [ 6.,  0.,  0.],
       [ 7.,  0.,  0.],
       [ 8.,  0.,  0.],
       [ 0.,  1.,  0.],
       [ 1.,  1.,  0.],
       [ 2.,  1.,  0.],
       [ 3.,  1.,  0.],
       [ 4.,  1.,  0.],
       [ 5.,  1.,  0.],
       [ 6.,  1.,  0.],
       [ 7.,  1.,  0.],
       [ 8.,  1.,  0.],
       [ 0.,  2.,  0.],
       [ 1.,  2.,  0.],
       [ 2.,  2.,  0.],
       [ 3.,  2.,  0.],
       [ 4.,  2.,  0.],
       [ 5.,  2.,  0.],
       [ 6.,  2.,  0.],
       [ 7.,  2.,  0.],
       [ 8.,  2.,  0.],
       [ 0.,  3.,  0.],
       [ 1.,  3.,  0.],
       [ 2.,  3.,  0.],
       [ 3.,  3.,  0.],
       [ 4.,  3.,  0.],
       [ 5.,  3.,  0.],
       [ 6.,  3.,  0.],
       [ 7.,  3.,  0.],
       [ 8.,  3.,  0.],
       [ 0.,  4.,  0.],
       [ 1.,  4.,  0.],
       [ 2.,  4.,  0.],
       [ 3.,  4.,  0.],
       [ 4.,  4.,  0.],
       [ 5.,  4.,  0.],
       [ 6.,  4.,  0.],
       [ 7.,  4.,  0.],
       [ 8.,  4.,  0.],
       [ 0.,  5.,  0.],
       [ 1.,  5.,  0.],
       [ 2.,  5.,  0.],
       [ 3.,  5.,  0.],
       [ 4.,  5.,  0.],
       [ 5.,  5.,  0.],
       [ 6.,  5.,  0.],
       [ 7.,  5.,  0.],
       [ 8.,  5.,  0.]], dtype=float32), array([[ 0.,  0.,  0.],
       [ 1.,  0.,  0.],
       [ 2.,  0.,  0.],
       [ 3.,  0.,  0.],
       [ 4.,  0.,  0.],
       [ 5.,  0.,  0.],
       [ 6.,  0.,  0.],
       [ 7.,  0.,  0.],
       [ 8.,  0.,  0.],
       [ 0.,  1.,  0.],
       [ 1.,  1.,  0.],
       [ 2.,  1.,  0.],
       [ 3.,  1.,  0.],
       [ 4.,  1.,  0.],
       [ 5.,  1.,  0.],
       [ 6.,  1.,  0.],
       [ 7.,  1.,  0.],
       [ 8.,  1.,  0.],
       [ 0.,  2.,  0.],
       [ 1.,  2.,  0.],
       [ 2.,  2.,  0.],
       [ 3.,  2.,  0.],
       [ 4.,  2.,  0.],
       [ 5.,  2.,  0.],
       [ 6.,  2.,  0.],
       [ 7.,  2.,  0.],
       [ 8.,  2.,  0.],
       [ 0.,  3.,  0.],
       [ 1.,  3.,  0.],
       [ 2.,  3.,  0.],
       [ 3.,  3.,  0.],
       [ 4.,  3.,  0.],
       [ 5.,  3.,  0.],
       [ 6.,  3.,  0.],
       [ 7.,  3.,  0.],
       [ 8.,  3.,  0.],
       [ 0.,  4.,  0.],
       [ 1.,  4.,  0.],
       [ 2.,  4.,  0.],
       [ 3.,  4.,  0.],
       [ 4.,  4.,  0.],
       [ 5.,  4.,  0.],
       [ 6.,  4.,  0.],
       [ 7.,  4.,  0.],
       [ 8.,  4.,  0.],
       [ 0.,  5.,  0.],
       [ 1.,  5.,  0.],
       [ 2.,  5.,  0.],
       [ 3.,  5.,  0.],
       [ 4.,  5.,  0.],
       [ 5.,  5.,  0.],
       [ 6.,  5.,  0.],
       [ 7.,  5.,  0.],
       [ 8.,  5.,  0.]], dtype=float32), array([[ 0.,  0.,  0.],
       [ 1.,  0.,  0.],
       [ 2.,  0.,  0.],
       [ 3.,  0.,  0.],
       [ 4.,  0.,  0.],
       [ 5.,  0.,  0.],
       [ 6.,  0.,  0.],
       [ 7.,  0.,  0.],
       [ 8.,  0.,  0.],
       [ 0.,  1.,  0.],
       [ 1.,  1.,  0.],
       [ 2.,  1.,  0.],
       [ 3.,  1.,  0.],
       [ 4.,  1.,  0.],
       [ 5.,  1.,  0.],
       [ 6.,  1.,  0.],
       [ 7.,  1.,  0.],
       [ 8.,  1.,  0.],
       [ 0.,  2.,  0.],
       [ 1.,  2.,  0.],
       [ 2.,  2.,  0.],
       [ 3.,  2.,  0.],
       [ 4.,  2.,  0.],
       [ 5.,  2.,  0.],
       [ 6.,  2.,  0.],
       [ 7.,  2.,  0.],
       [ 8.,  2.,  0.],
       [ 0.,  3.,  0.],
       [ 1.,  3.,  0.],
       [ 2.,  3.,  0.],
       [ 3.,  3.,  0.],
       [ 4.,  3.,  0.],
       [ 5.,  3.,  0.],
       [ 6.,  3.,  0.],
       [ 7.,  3.,  0.],
       [ 8.,  3.,  0.],
       [ 0.,  4.,  0.],
       [ 1.,  4.,  0.],
       [ 2.,  4.,  0.],
       [ 3.,  4.,  0.],
       [ 4.,  4.,  0.],
       [ 5.,  4.,  0.],
       [ 6.,  4.,  0.],
       [ 7.,  4.,  0.],
       [ 8.,  4.,  0.],
       [ 0.,  5.,  0.],
       [ 1.,  5.,  0.],
       [ 2.,  5.,  0.],
       [ 3.,  5.,  0.],
       [ 4.,  5.,  0.],
       [ 5.,  5.,  0.],
       [ 6.,  5.,  0.],
       [ 7.,  5.,  0.],
       [ 8.,  5.,  0.]], dtype=float32), array([[ 0.,  0.,  0.],
       [ 1.,  0.,  0.],
       [ 2.,  0.,  0.],
       [ 3.,  0.,  0.],
       [ 4.,  0.,  0.],
       [ 5.,  0.,  0.],
       [ 6.,  0.,  0.],
       [ 7.,  0.,  0.],
       [ 8.,  0.,  0.],
       [ 0.,  1.,  0.],
       [ 1.,  1.,  0.],
       [ 2.,  1.,  0.],
       [ 3.,  1.,  0.],
       [ 4.,  1.,  0.],
       [ 5.,  1.,  0.],
       [ 6.,  1.,  0.],
       [ 7.,  1.,  0.],
       [ 8.,  1.,  0.],
       [ 0.,  2.,  0.],
       [ 1.,  2.,  0.],
       [ 2.,  2.,  0.],
       [ 3.,  2.,  0.],
       [ 4.,  2.,  0.],
       [ 5.,  2.,  0.],
       [ 6.,  2.,  0.],
       [ 7.,  2.,  0.],
       [ 8.,  2.,  0.],
       [ 0.,  3.,  0.],
       [ 1.,  3.,  0.],
       [ 2.,  3.,  0.],
       [ 3.,  3.,  0.],
       [ 4.,  3.,  0.],
       [ 5.,  3.,  0.],
       [ 6.,  3.,  0.],
       [ 7.,  3.,  0.],
       [ 8.,  3.,  0.],
       [ 0.,  4.,  0.],
       [ 1.,  4.,  0.],
       [ 2.,  4.,  0.],
       [ 3.,  4.,  0.],
       [ 4.,  4.,  0.],
       [ 5.,  4.,  0.],
       [ 6.,  4.,  0.],
       [ 7.,  4.,  0.],
       [ 8.,  4.,  0.],
       [ 0.,  5.,  0.],
       [ 1.,  5.,  0.],
       [ 2.,  5.,  0.],
       [ 3.,  5.,  0.],
       [ 4.,  5.,  0.],
       [ 5.,  5.,  0.],
       [ 6.,  5.,  0.],
       [ 7.,  5.,  0.],
       [ 8.,  5.,  0.]], dtype=float32), array([[ 0.,  0.,  0.],
       [ 1.,  0.,  0.],
       [ 2.,  0.,  0.],
       [ 3.,  0.,  0.],
       [ 4.,  0.,  0.],
       [ 5.,  0.,  0.],
       [ 6.,  0.,  0.],
       [ 7.,  0.,  0.],
       [ 8.,  0.,  0.],
       [ 0.,  1.,  0.],
       [ 1.,  1.,  0.],
       [ 2.,  1.,  0.],
       [ 3.,  1.,  0.],
       [ 4.,  1.,  0.],
       [ 5.,  1.,  0.],
       [ 6.,  1.,  0.],
       [ 7.,  1.,  0.],
       [ 8.,  1.,  0.],
       [ 0.,  2.,  0.],
       [ 1.,  2.,  0.],
       [ 2.,  2.,  0.],
       [ 3.,  2.,  0.],
       [ 4.,  2.,  0.],
       [ 5.,  2.,  0.],
       [ 6.,  2.,  0.],
       [ 7.,  2.,  0.],
       [ 8.,  2.,  0.],
       [ 0.,  3.,  0.],
       [ 1.,  3.,  0.],
       [ 2.,  3.,  0.],
       [ 3.,  3.,  0.],
       [ 4.,  3.,  0.],
       [ 5.,  3.,  0.],
       [ 6.,  3.,  0.],
       [ 7.,  3.,  0.],
       [ 8.,  3.,  0.],
       [ 0.,  4.,  0.],
       [ 1.,  4.,  0.],
       [ 2.,  4.,  0.],
       [ 3.,  4.,  0.],
       [ 4.,  4.,  0.],
       [ 5.,  4.,  0.],
       [ 6.,  4.,  0.],
       [ 7.,  4.,  0.],
       [ 8.,  4.,  0.],
       [ 0.,  5.,  0.],
       [ 1.,  5.,  0.],
       [ 2.,  5.,  0.],
       [ 3.,  5.,  0.],
       [ 4.,  5.,  0.],
       [ 5.,  5.,  0.],
       [ 6.,  5.,  0.],
       [ 7.,  5.,  0.],
       [ 8.,  5.,  0.]], dtype=float32), array([[ 0.,  0.,  0.],
       [ 1.,  0.,  0.],
       [ 2.,  0.,  0.],
       [ 3.,  0.,  0.],
       [ 4.,  0.,  0.],
       [ 5.,  0.,  0.],
       [ 6.,  0.,  0.],
       [ 7.,  0.,  0.],
       [ 8.,  0.,  0.],
       [ 0.,  1.,  0.],
       [ 1.,  1.,  0.],
       [ 2.,  1.,  0.],
       [ 3.,  1.,  0.],
       [ 4.,  1.,  0.],
       [ 5.,  1.,  0.],
       [ 6.,  1.,  0.],
       [ 7.,  1.,  0.],
       [ 8.,  1.,  0.],
       [ 0.,  2.,  0.],
       [ 1.,  2.,  0.],
       [ 2.,  2.,  0.],
       [ 3.,  2.,  0.],
       [ 4.,  2.,  0.],
       [ 5.,  2.,  0.],
       [ 6.,  2.,  0.],
       [ 7.,  2.,  0.],
       [ 8.,  2.,  0.],
       [ 0.,  3.,  0.],
       [ 1.,  3.,  0.],
       [ 2.,  3.,  0.],
       [ 3.,  3.,  0.],
       [ 4.,  3.,  0.],
       [ 5.,  3.,  0.],
       [ 6.,  3.,  0.],
       [ 7.,  3.,  0.],
       [ 8.,  3.,  0.],
       [ 0.,  4.,  0.],
       [ 1.,  4.,  0.],
       [ 2.,  4.,  0.],
       [ 3.,  4.,  0.],
       [ 4.,  4.,  0.],
       [ 5.,  4.,  0.],
       [ 6.,  4.,  0.],
       [ 7.,  4.,  0.],
       [ 8.,  4.,  0.],
       [ 0.,  5.,  0.],
       [ 1.,  5.,  0.],
       [ 2.,  5.,  0.],
       [ 3.,  5.,  0.],
       [ 4.,  5.,  0.],
       [ 5.,  5.,  0.],
       [ 6.,  5.,  0.],
       [ 7.,  5.,  0.],
       [ 8.,  5.,  0.]], dtype=float32), array([[ 0.,  0.,  0.],
       [ 1.,  0.,  0.],
       [ 2.,  0.,  0.],
       [ 3.,  0.,  0.],
       [ 4.,  0.,  0.],
       [ 5.,  0.,  0.],
       [ 6.,  0.,  0.],
       [ 7.,  0.,  0.],
       [ 8.,  0.,  0.],
       [ 0.,  1.,  0.],
       [ 1.,  1.,  0.],
       [ 2.,  1.,  0.],
       [ 3.,  1.,  0.],
       [ 4.,  1.,  0.],
       [ 5.,  1.,  0.],
       [ 6.,  1.,  0.],
       [ 7.,  1.,  0.],
       [ 8.,  1.,  0.],
       [ 0.,  2.,  0.],
       [ 1.,  2.,  0.],
       [ 2.,  2.,  0.],
       [ 3.,  2.,  0.],
       [ 4.,  2.,  0.],
       [ 5.,  2.,  0.],
       [ 6.,  2.,  0.],
       [ 7.,  2.,  0.],
       [ 8.,  2.,  0.],
       [ 0.,  3.,  0.],
       [ 1.,  3.,  0.],
       [ 2.,  3.,  0.],
       [ 3.,  3.,  0.],
       [ 4.,  3.,  0.],
       [ 5.,  3.,  0.],
       [ 6.,  3.,  0.],
       [ 7.,  3.,  0.],
       [ 8.,  3.,  0.],
       [ 0.,  4.,  0.],
       [ 1.,  4.,  0.],
       [ 2.,  4.,  0.],
       [ 3.,  4.,  0.],
       [ 4.,  4.,  0.],
       [ 5.,  4.,  0.],
       [ 6.,  4.,  0.],
       [ 7.,  4.,  0.],
       [ 8.,  4.,  0.],
       [ 0.,  5.,  0.],
       [ 1.,  5.,  0.],
       [ 2.,  5.,  0.],
       [ 3.,  5.,  0.],
       [ 4.,  5.,  0.],
       [ 5.,  5.,  0.],
       [ 6.,  5.,  0.],
       [ 7.,  5.,  0.],
       [ 8.,  5.,  0.]], dtype=float32), array([[ 0.,  0.,  0.],
       [ 1.,  0.,  0.],
       [ 2.,  0.,  0.],
       [ 3.,  0.,  0.],
       [ 4.,  0.,  0.],
       [ 5.,  0.,  0.],
       [ 6.,  0.,  0.],
       [ 7.,  0.,  0.],
       [ 8.,  0.,  0.],
       [ 0.,  1.,  0.],
       [ 1.,  1.,  0.],
       [ 2.,  1.,  0.],
       [ 3.,  1.,  0.],
       [ 4.,  1.,  0.],
       [ 5.,  1.,  0.],
       [ 6.,  1.,  0.],
       [ 7.,  1.,  0.],
       [ 8.,  1.,  0.],
       [ 0.,  2.,  0.],
       [ 1.,  2.,  0.],
       [ 2.,  2.,  0.],
       [ 3.,  2.,  0.],
       [ 4.,  2.,  0.],
       [ 5.,  2.,  0.],
       [ 6.,  2.,  0.],
       [ 7.,  2.,  0.],
       [ 8.,  2.,  0.],
       [ 0.,  3.,  0.],
       [ 1.,  3.,  0.],
       [ 2.,  3.,  0.],
       [ 3.,  3.,  0.],
       [ 4.,  3.,  0.],
       [ 5.,  3.,  0.],
       [ 6.,  3.,  0.],
       [ 7.,  3.,  0.],
       [ 8.,  3.,  0.],
       [ 0.,  4.,  0.],
       [ 1.,  4.,  0.],
       [ 2.,  4.,  0.],
       [ 3.,  4.,  0.],
       [ 4.,  4.,  0.],
       [ 5.,  4.,  0.],
       [ 6.,  4.,  0.],
       [ 7.,  4.,  0.],
       [ 8.,  4.,  0.],
       [ 0.,  5.,  0.],
       [ 1.,  5.,  0.],
       [ 2.,  5.,  0.],
       [ 3.,  5.,  0.],
       [ 4.,  5.,  0.],
       [ 5.,  5.,  0.],
       [ 6.,  5.,  0.],
       [ 7.,  5.,  0.],
       [ 8.,  5.,  0.]], dtype=float32), array([[ 0.,  0.,  0.],
       [ 1.,  0.,  0.],
       [ 2.,  0.,  0.],
       [ 3.,  0.,  0.],
       [ 4.,  0.,  0.],
       [ 5.,  0.,  0.],
       [ 6.,  0.,  0.],
       [ 7.,  0.,  0.],
       [ 8.,  0.,  0.],
       [ 0.,  1.,  0.],
       [ 1.,  1.,  0.],
       [ 2.,  1.,  0.],
       [ 3.,  1.,  0.],
       [ 4.,  1.,  0.],
       [ 5.,  1.,  0.],
       [ 6.,  1.,  0.],
       [ 7.,  1.,  0.],
       [ 8.,  1.,  0.],
       [ 0.,  2.,  0.],
       [ 1.,  2.,  0.],
       [ 2.,  2.,  0.],
       [ 3.,  2.,  0.],
       [ 4.,  2.,  0.],
       [ 5.,  2.,  0.],
       [ 6.,  2.,  0.],
       [ 7.,  2.,  0.],
       [ 8.,  2.,  0.],
       [ 0.,  3.,  0.],
       [ 1.,  3.,  0.],
       [ 2.,  3.,  0.],
       [ 3.,  3.,  0.],
       [ 4.,  3.,  0.],
       [ 5.,  3.,  0.],
       [ 6.,  3.,  0.],
       [ 7.,  3.,  0.],
       [ 8.,  3.,  0.],
       [ 0.,  4.,  0.],
       [ 1.,  4.,  0.],
       [ 2.,  4.,  0.],
       [ 3.,  4.,  0.],
       [ 4.,  4.,  0.],
       [ 5.,  4.,  0.],
       [ 6.,  4.,  0.],
       [ 7.,  4.,  0.],
       [ 8.,  4.,  0.],
       [ 0.,  5.,  0.],
       [ 1.,  5.,  0.],
       [ 2.,  5.,  0.],
       [ 3.,  5.,  0.],
       [ 4.,  5.,  0.],
       [ 5.,  5.,  0.],
       [ 6.,  5.,  0.],
       [ 7.,  5.,  0.],
       [ 8.,  5.,  0.]], dtype=float32), array([[ 0.,  0.,  0.],
       [ 1.,  0.,  0.],
       [ 2.,  0.,  0.],
       [ 3.,  0.,  0.],
       [ 4.,  0.,  0.],
       [ 5.,  0.,  0.],
       [ 6.,  0.,  0.],
       [ 7.,  0.,  0.],
       [ 8.,  0.,  0.],
       [ 0.,  1.,  0.],
       [ 1.,  1.,  0.],
       [ 2.,  1.,  0.],
       [ 3.,  1.,  0.],
       [ 4.,  1.,  0.],
       [ 5.,  1.,  0.],
       [ 6.,  1.,  0.],
       [ 7.,  1.,  0.],
       [ 8.,  1.,  0.],
       [ 0.,  2.,  0.],
       [ 1.,  2.,  0.],
       [ 2.,  2.,  0.],
       [ 3.,  2.,  0.],
       [ 4.,  2.,  0.],
       [ 5.,  2.,  0.],
       [ 6.,  2.,  0.],
       [ 7.,  2.,  0.],
       [ 8.,  2.,  0.],
       [ 0.,  3.,  0.],
       [ 1.,  3.,  0.],
       [ 2.,  3.,  0.],
       [ 3.,  3.,  0.],
       [ 4.,  3.,  0.],
       [ 5.,  3.,  0.],
       [ 6.,  3.,  0.],
       [ 7.,  3.,  0.],
       [ 8.,  3.,  0.],
       [ 0.,  4.,  0.],
       [ 1.,  4.,  0.],
       [ 2.,  4.,  0.],
       [ 3.,  4.,  0.],
       [ 4.,  4.,  0.],
       [ 5.,  4.,  0.],
       [ 6.,  4.,  0.],
       [ 7.,  4.,  0.],
       [ 8.,  4.,  0.],
       [ 0.,  5.,  0.],
       [ 1.,  5.,  0.],
       [ 2.,  5.,  0.],
       [ 3.,  5.,  0.],
       [ 4.,  5.,  0.],
       [ 5.,  5.,  0.],
       [ 6.,  5.,  0.],
       [ 7.,  5.,  0.],
       [ 8.,  5.,  0.]], dtype=float32), array([[ 0.,  0.,  0.],
       [ 1.,  0.,  0.],
       [ 2.,  0.,  0.],
       [ 3.,  0.,  0.],
       [ 4.,  0.,  0.],
       [ 5.,  0.,  0.],
       [ 6.,  0.,  0.],
       [ 7.,  0.,  0.],
       [ 8.,  0.,  0.],
       [ 0.,  1.,  0.],
       [ 1.,  1.,  0.],
       [ 2.,  1.,  0.],
       [ 3.,  1.,  0.],
       [ 4.,  1.,  0.],
       [ 5.,  1.,  0.],
       [ 6.,  1.,  0.],
       [ 7.,  1.,  0.],
       [ 8.,  1.,  0.],
       [ 0.,  2.,  0.],
       [ 1.,  2.,  0.],
       [ 2.,  2.,  0.],
       [ 3.,  2.,  0.],
       [ 4.,  2.,  0.],
       [ 5.,  2.,  0.],
       [ 6.,  2.,  0.],
       [ 7.,  2.,  0.],
       [ 8.,  2.,  0.],
       [ 0.,  3.,  0.],
       [ 1.,  3.,  0.],
       [ 2.,  3.,  0.],
       [ 3.,  3.,  0.],
       [ 4.,  3.,  0.],
       [ 5.,  3.,  0.],
       [ 6.,  3.,  0.],
       [ 7.,  3.,  0.],
       [ 8.,  3.,  0.],
       [ 0.,  4.,  0.],
       [ 1.,  4.,  0.],
       [ 2.,  4.,  0.],
       [ 3.,  4.,  0.],
       [ 4.,  4.,  0.],
       [ 5.,  4.,  0.],
       [ 6.,  4.,  0.],
       [ 7.,  4.,  0.],
       [ 8.,  4.,  0.],
       [ 0.,  5.,  0.],
       [ 1.,  5.,  0.],
       [ 2.,  5.,  0.],
       [ 3.,  5.,  0.],
       [ 4.,  5.,  0.],
       [ 5.,  5.,  0.],
       [ 6.,  5.,  0.],
       [ 7.,  5.,  0.],
       [ 8.,  5.,  0.]], dtype=float32), array([[ 0.,  0.,  0.],
       [ 1.,  0.,  0.],
       [ 2.,  0.,  0.],
       [ 3.,  0.,  0.],
       [ 4.,  0.,  0.],
       [ 5.,  0.,  0.],
       [ 6.,  0.,  0.],
       [ 7.,  0.,  0.],
       [ 8.,  0.,  0.],
       [ 0.,  1.,  0.],
       [ 1.,  1.,  0.],
       [ 2.,  1.,  0.],
       [ 3.,  1.,  0.],
       [ 4.,  1.,  0.],
       [ 5.,  1.,  0.],
       [ 6.,  1.,  0.],
       [ 7.,  1.,  0.],
       [ 8.,  1.,  0.],
       [ 0.,  2.,  0.],
       [ 1.,  2.,  0.],
       [ 2.,  2.,  0.],
       [ 3.,  2.,  0.],
       [ 4.,  2.,  0.],
       [ 5.,  2.,  0.],
       [ 6.,  2.,  0.],
       [ 7.,  2.,  0.],
       [ 8.,  2.,  0.],
       [ 0.,  3.,  0.],
       [ 1.,  3.,  0.],
       [ 2.,  3.,  0.],
       [ 3.,  3.,  0.],
       [ 4.,  3.,  0.],
       [ 5.,  3.,  0.],
       [ 6.,  3.,  0.],
       [ 7.,  3.,  0.],
       [ 8.,  3.,  0.],
       [ 0.,  4.,  0.],
       [ 1.,  4.,  0.],
       [ 2.,  4.,  0.],
       [ 3.,  4.,  0.],
       [ 4.,  4.,  0.],
       [ 5.,  4.,  0.],
       [ 6.,  4.,  0.],
       [ 7.,  4.,  0.],
       [ 8.,  4.,  0.],
       [ 0.,  5.,  0.],
       [ 1.,  5.,  0.],
       [ 2.,  5.,  0.],
       [ 3.,  5.,  0.],
       [ 4.,  5.,  0.],
       [ 5.,  5.,  0.],
       [ 6.,  5.,  0.],
       [ 7.,  5.,  0.],
       [ 8.,  5.,  0.]], dtype=float32), array([[ 0.,  0.,  0.],
       [ 1.,  0.,  0.],
       [ 2.,  0.,  0.],
       [ 3.,  0.,  0.],
       [ 4.,  0.,  0.],
       [ 5.,  0.,  0.],
       [ 6.,  0.,  0.],
       [ 7.,  0.,  0.],
       [ 8.,  0.,  0.],
       [ 0.,  1.,  0.],
       [ 1.,  1.,  0.],
       [ 2.,  1.,  0.],
       [ 3.,  1.,  0.],
       [ 4.,  1.,  0.],
       [ 5.,  1.,  0.],
       [ 6.,  1.,  0.],
       [ 7.,  1.,  0.],
       [ 8.,  1.,  0.],
       [ 0.,  2.,  0.],
       [ 1.,  2.,  0.],
       [ 2.,  2.,  0.],
       [ 3.,  2.,  0.],
       [ 4.,  2.,  0.],
       [ 5.,  2.,  0.],
       [ 6.,  2.,  0.],
       [ 7.,  2.,  0.],
       [ 8.,  2.,  0.],
       [ 0.,  3.,  0.],
       [ 1.,  3.,  0.],
       [ 2.,  3.,  0.],
       [ 3.,  3.,  0.],
       [ 4.,  3.,  0.],
       [ 5.,  3.,  0.],
       [ 6.,  3.,  0.],
       [ 7.,  3.,  0.],
       [ 8.,  3.,  0.],
       [ 0.,  4.,  0.],
       [ 1.,  4.,  0.],
       [ 2.,  4.,  0.],
       [ 3.,  4.,  0.],
       [ 4.,  4.,  0.],
       [ 5.,  4.,  0.],
       [ 6.,  4.,  0.],
       [ 7.,  4.,  0.],
       [ 8.,  4.,  0.],
       [ 0.,  5.,  0.],
       [ 1.,  5.,  0.],
       [ 2.,  5.,  0.],
       [ 3.,  5.,  0.],
       [ 4.,  5.,  0.],
       [ 5.,  5.,  0.],
       [ 6.,  5.,  0.],
       [ 7.,  5.,  0.],
       [ 8.,  5.,  0.]], dtype=float32), array([[ 0.,  0.,  0.],
       [ 1.,  0.,  0.],
       [ 2.,  0.,  0.],
       [ 3.,  0.,  0.],
       [ 4.,  0.,  0.],
       [ 5.,  0.,  0.],
       [ 6.,  0.,  0.],
       [ 7.,  0.,  0.],
       [ 8.,  0.,  0.],
       [ 0.,  1.,  0.],
       [ 1.,  1.,  0.],
       [ 2.,  1.,  0.],
       [ 3.,  1.,  0.],
       [ 4.,  1.,  0.],
       [ 5.,  1.,  0.],
       [ 6.,  1.,  0.],
       [ 7.,  1.,  0.],
       [ 8.,  1.,  0.],
       [ 0.,  2.,  0.],
       [ 1.,  2.,  0.],
       [ 2.,  2.,  0.],
       [ 3.,  2.,  0.],
       [ 4.,  2.,  0.],
       [ 5.,  2.,  0.],
       [ 6.,  2.,  0.],
       [ 7.,  2.,  0.],
       [ 8.,  2.,  0.],
       [ 0.,  3.,  0.],
       [ 1.,  3.,  0.],
       [ 2.,  3.,  0.],
       [ 3.,  3.,  0.],
       [ 4.,  3.,  0.],
       [ 5.,  3.,  0.],
       [ 6.,  3.,  0.],
       [ 7.,  3.,  0.],
       [ 8.,  3.,  0.],
       [ 0.,  4.,  0.],
       [ 1.,  4.,  0.],
       [ 2.,  4.,  0.],
       [ 3.,  4.,  0.],
       [ 4.,  4.,  0.],
       [ 5.,  4.,  0.],
       [ 6.,  4.,  0.],
       [ 7.,  4.,  0.],
       [ 8.,  4.,  0.],
       [ 0.,  5.,  0.],
       [ 1.,  5.,  0.],
       [ 2.,  5.,  0.],
       [ 3.,  5.,  0.],
       [ 4.,  5.,  0.],
       [ 5.,  5.,  0.],
       [ 6.,  5.,  0.],
       [ 7.,  5.,  0.],
       [ 8.,  5.,  0.]], dtype=float32), array([[ 0.,  0.,  0.],
       [ 1.,  0.,  0.],
       [ 2.,  0.,  0.],
       [ 3.,  0.,  0.],
       [ 4.,  0.,  0.],
       [ 5.,  0.,  0.],
       [ 6.,  0.,  0.],
       [ 7.,  0.,  0.],
       [ 8.,  0.,  0.],
       [ 0.,  1.,  0.],
       [ 1.,  1.,  0.],
       [ 2.,  1.,  0.],
       [ 3.,  1.,  0.],
       [ 4.,  1.,  0.],
       [ 5.,  1.,  0.],
       [ 6.,  1.,  0.],
       [ 7.,  1.,  0.],
       [ 8.,  1.,  0.],
       [ 0.,  2.,  0.],
       [ 1.,  2.,  0.],
       [ 2.,  2.,  0.],
       [ 3.,  2.,  0.],
       [ 4.,  2.,  0.],
       [ 5.,  2.,  0.],
       [ 6.,  2.,  0.],
       [ 7.,  2.,  0.],
       [ 8.,  2.,  0.],
       [ 0.,  3.,  0.],
       [ 1.,  3.,  0.],
       [ 2.,  3.,  0.],
       [ 3.,  3.,  0.],
       [ 4.,  3.,  0.],
       [ 5.,  3.,  0.],
       [ 6.,  3.,  0.],
       [ 7.,  3.,  0.],
       [ 8.,  3.,  0.],
       [ 0.,  4.,  0.],
       [ 1.,  4.,  0.],
       [ 2.,  4.,  0.],
       [ 3.,  4.,  0.],
       [ 4.,  4.,  0.],
       [ 5.,  4.,  0.],
       [ 6.,  4.,  0.],
       [ 7.,  4.,  0.],
       [ 8.,  4.,  0.],
       [ 0.,  5.,  0.],
       [ 1.,  5.,  0.],
       [ 2.,  5.,  0.],
       [ 3.,  5.,  0.],
       [ 4.,  5.,  0.],
       [ 5.,  5.,  0.],
       [ 6.,  5.,  0.],
       [ 7.,  5.,  0.],
       [ 8.,  5.,  0.]], dtype=float32), array([[ 0.,  0.,  0.],
       [ 1.,  0.,  0.],
       [ 2.,  0.,  0.],
       [ 3.,  0.,  0.],
       [ 4.,  0.,  0.],
       [ 5.,  0.,  0.],
       [ 6.,  0.,  0.],
       [ 7.,  0.,  0.],
       [ 8.,  0.,  0.],
       [ 0.,  1.,  0.],
       [ 1.,  1.,  0.],
       [ 2.,  1.,  0.],
       [ 3.,  1.,  0.],
       [ 4.,  1.,  0.],
       [ 5.,  1.,  0.],
       [ 6.,  1.,  0.],
       [ 7.,  1.,  0.],
       [ 8.,  1.,  0.],
       [ 0.,  2.,  0.],
       [ 1.,  2.,  0.],
       [ 2.,  2.,  0.],
       [ 3.,  2.,  0.],
       [ 4.,  2.,  0.],
       [ 5.,  2.,  0.],
       [ 6.,  2.,  0.],
       [ 7.,  2.,  0.],
       [ 8.,  2.,  0.],
       [ 0.,  3.,  0.],
       [ 1.,  3.,  0.],
       [ 2.,  3.,  0.],
       [ 3.,  3.,  0.],
       [ 4.,  3.,  0.],
       [ 5.,  3.,  0.],
       [ 6.,  3.,  0.],
       [ 7.,  3.,  0.],
       [ 8.,  3.,  0.],
       [ 0.,  4.,  0.],
       [ 1.,  4.,  0.],
       [ 2.,  4.,  0.],
       [ 3.,  4.,  0.],
       [ 4.,  4.,  0.],
       [ 5.,  4.,  0.],
       [ 6.,  4.,  0.],
       [ 7.,  4.,  0.],
       [ 8.,  4.,  0.],
       [ 0.,  5.,  0.],
       [ 1.,  5.,  0.],
       [ 2.,  5.,  0.],
       [ 3.,  5.,  0.],
       [ 4.,  5.,  0.],
       [ 5.,  5.,  0.],
       [ 6.,  5.,  0.],
       [ 7.,  5.,  0.],
       [ 8.,  5.,  0.]], dtype=float32), array([[ 0.,  0.,  0.],
       [ 1.,  0.,  0.],
       [ 2.,  0.,  0.],
       [ 3.,  0.,  0.],
       [ 4.,  0.,  0.],
       [ 5.,  0.,  0.],
       [ 6.,  0.,  0.],
       [ 7.,  0.,  0.],
       [ 8.,  0.,  0.],
       [ 0.,  1.,  0.],
       [ 1.,  1.,  0.],
       [ 2.,  1.,  0.],
       [ 3.,  1.,  0.],
       [ 4.,  1.,  0.],
       [ 5.,  1.,  0.],
       [ 6.,  1.,  0.],
       [ 7.,  1.,  0.],
       [ 8.,  1.,  0.],
       [ 0.,  2.,  0.],
       [ 1.,  2.,  0.],
       [ 2.,  2.,  0.],
       [ 3.,  2.,  0.],
       [ 4.,  2.,  0.],
       [ 5.,  2.,  0.],
       [ 6.,  2.,  0.],
       [ 7.,  2.,  0.],
       [ 8.,  2.,  0.],
       [ 0.,  3.,  0.],
       [ 1.,  3.,  0.],
       [ 2.,  3.,  0.],
       [ 3.,  3.,  0.],
       [ 4.,  3.,  0.],
       [ 5.,  3.,  0.],
       [ 6.,  3.,  0.],
       [ 7.,  3.,  0.],
       [ 8.,  3.,  0.],
       [ 0.,  4.,  0.],
       [ 1.,  4.,  0.],
       [ 2.,  4.,  0.],
       [ 3.,  4.,  0.],
       [ 4.,  4.,  0.],
       [ 5.,  4.,  0.],
       [ 6.,  4.,  0.],
       [ 7.,  4.,  0.],
       [ 8.,  4.,  0.],
       [ 0.,  5.,  0.],
       [ 1.,  5.,  0.],
       [ 2.,  5.,  0.],
       [ 3.,  5.,  0.],
       [ 4.,  5.,  0.],
       [ 5.,  5.,  0.],
       [ 6.,  5.,  0.],
       [ 7.,  5.,  0.],
       [ 8.,  5.,  0.]], dtype=float32), array([[ 0.,  0.,  0.],
       [ 1.,  0.,  0.],
       [ 2.,  0.,  0.],
       [ 3.,  0.,  0.],
       [ 4.,  0.,  0.],
       [ 5.,  0.,  0.],
       [ 6.,  0.,  0.],
       [ 7.,  0.,  0.],
       [ 8.,  0.,  0.],
       [ 0.,  1.,  0.],
       [ 1.,  1.,  0.],
       [ 2.,  1.,  0.],
       [ 3.,  1.,  0.],
       [ 4.,  1.,  0.],
       [ 5.,  1.,  0.],
       [ 6.,  1.,  0.],
       [ 7.,  1.,  0.],
       [ 8.,  1.,  0.],
       [ 0.,  2.,  0.],
       [ 1.,  2.,  0.],
       [ 2.,  2.,  0.],
       [ 3.,  2.,  0.],
       [ 4.,  2.,  0.],
       [ 5.,  2.,  0.],
       [ 6.,  2.,  0.],
       [ 7.,  2.,  0.],
       [ 8.,  2.,  0.],
       [ 0.,  3.,  0.],
       [ 1.,  3.,  0.],
       [ 2.,  3.,  0.],
       [ 3.,  3.,  0.],
       [ 4.,  3.,  0.],
       [ 5.,  3.,  0.],
       [ 6.,  3.,  0.],
       [ 7.,  3.,  0.],
       [ 8.,  3.,  0.],
       [ 0.,  4.,  0.],
       [ 1.,  4.,  0.],
       [ 2.,  4.,  0.],
       [ 3.,  4.,  0.],
       [ 4.,  4.,  0.],
       [ 5.,  4.,  0.],
       [ 6.,  4.,  0.],
       [ 7.,  4.,  0.],
       [ 8.,  4.,  0.],
       [ 0.,  5.,  0.],
       [ 1.,  5.,  0.],
       [ 2.,  5.,  0.],
       [ 3.,  5.,  0.],
       [ 4.,  5.,  0.],
       [ 5.,  5.,  0.],
       [ 6.,  5.,  0.],
       [ 7.,  5.,  0.],
       [ 8.,  5.,  0.]], dtype=float32)], [array([[-0.59583067],
       [-0.09214961],
       [-2.06669997]]), array([[ 0.50241391],
       [-0.87761233],
       [-1.98869938]]), array([[-0.03274468],
       [ 0.08459137],
       [ 1.77390497]]), array([[-0.00911896],
       [ 0.19351664],
       [-3.009133  ]]), array([[ 0.0392526],
       [ 0.4024099],
       [-2.913629 ]]), array([[ 0.17023651],
       [ 0.09608409],
       [ 2.28990214]]), array([[ 0.06054548],
       [ 0.20953638],
       [-2.91335222]]), array([[ 0.26237436],
       [-0.63558327],
       [-2.93274485]]), array([[ 0.55494029],
       [-0.0044635 ],
       [ 2.81130935]]), array([[-0.25734252],
       [ 0.0651594 ],
       [-2.44947748]]), array([[-0.581782  ],
       [-0.72740378],
       [-2.97766064]]), array([[-0.26982484],
       [-0.16720614],
       [-2.88704642]]), array([[-0.44460177],
       [ 1.03954827],
       [ 2.91180205]]), array([[ 0.11448636],
       [-0.33049902],
       [-1.93377843]]), array([[-0.20297512],
       [-0.36085669],
       [-2.96939314]]), array([[-0.1093548 ],
       [-0.64000562],
       [-3.02457869]]), array([[ 0.32298111],
       [-0.37055659],
       [ 1.55592534]]), array([[-1.32956478],
       [ 0.56757041],
       [ 2.54658936]]), array([[-0.81114319],
       [-0.49235616],
       [ 2.2641634 ]]), array([[-0.06019798],
       [ 0.20726233],
       [ 1.67411037]])], [array([[  8.7101269 ],
       [ -1.03540193],
       [ 48.50096783]]), array([[ -0.71014241],
       [  1.35100594],
       [ 36.17655665]]), array([[  5.60206985],
       [ -4.46666163],
       [ 41.89688232]]), array([[ -4.08088057],
       [ -1.85903929],
       [ 30.32717935]]), array([[  4.45892008],
       [ -1.15424575],
       [ 33.15300185]]), array([[  7.90845578],
       [ -8.25955424],
       [ 48.61786071]]), array([[  4.21645616],
       [ -1.70765445],
       [ 33.29366518]]), array([[  6.40106754],
       [ -2.10308583],
       [ 32.53394299]]), array([[ 12.06174993],
       [ -5.33998969],
       [ 30.75990186]]), array([[  8.3116911 ],
       [ -6.97992336],
       [ 51.26892507]]), array([[  5.82604515],
       [ -4.22362097],
       [ 27.54191348]]), array([[ 10.84000181],
       [ -3.79431582],
       [ 40.77986318]]), array([[  1.08844479],
       [ -6.3905756 ],
       [ 55.11258629]]), array([[ -2.45310392e+00],
       [ -1.06471477e-02],
       [  3.37322122e+01]]), array([[  8.8300907 ],
       [ -3.22597404],
       [ 48.71179616]]), array([[  5.1809886 ],
       [ -0.68094681],
       [ 17.0157387 ]]), array([[  7.51931996],
       [-14.59890417],
       [ 41.63005671]]), array([[  1.22580412],
       [ -0.4041743 ],
       [ 18.76971022]]), array([[ -2.28276852],
       [ -6.63319465],
       [ 29.10569673]]), array([[  6.48726389],
       [-10.54131502],
       [ 50.37114018]])])